{
 "cells": [
  {
   "cell_type": "code",
   "execution_count": 1,
   "metadata": {
    "init_cell": true
   },
   "outputs": [],
   "source": [
    "%logstop\n",
    "%logstart -rtq ~/.logs/DS_Basic_DS_Modules.py append\n",
    "import seaborn as sns\n",
    "sns.set()"
   ]
  },
  {
   "cell_type": "code",
   "execution_count": 2,
   "metadata": {},
   "outputs": [],
   "source": [
    "import expectexception"
   ]
  },
  {
   "cell_type": "markdown",
   "metadata": {},
   "source": [
    "# Basic data tools: NumPy, Matplotlib, Pandas\n",
    "\n",
    "Python is a powerful and flexible programming language, but it doesn't have built-in tools for mathematical analysis or data visualization. For most data analysis we will rely on some helpful libraries. We'll explore three libraries that are very common for data analysis and visualization."
   ]
  },
  {
   "cell_type": "markdown",
   "metadata": {},
   "source": [
    "## NumPy\n",
    "\n",
    "First among these is NumPy. The main NumPy features are three-fold: its mathematical functions (e.g. `sin`, `log`, `floor`), its `random` submodule (useful for random sampling), and the NumPy `ndarray` object.\n",
    "\n",
    "A NumPy array is similar to a mathematical n-dimensional matrix. For example, \n",
    "\n",
    "$$\\begin{bmatrix}\n",
    "    x_{11} & x_{12} & x_{13} & \\dots  & x_{1n} \\\\\n",
    "    x_{21} & x_{22} & x_{23} & \\dots  & x_{2n} \\\\\n",
    "    \\vdots & \\vdots & \\vdots & \\ddots & \\vdots \\\\\n",
    "    x_{d1} & x_{d2} & x_{d3} & \\dots  & x_{dn}\n",
    "\\end{bmatrix}$$\n",
    "\n",
    "A NumPy array could be 1-dimensional (e.g. [1, 5, 20, 34, ...]), 2-dimensional (as above), or many dimensions. It's important to note that all the rows and columns of the 2-dimensional array are the same length. That will be true for all dimensions of arrays.\n",
    "\n",
    "Let's contrast this with lists."
   ]
  },
  {
   "cell_type": "code",
   "execution_count": 3,
   "metadata": {},
   "outputs": [],
   "source": [
    "# to access NumPy, we have to import it\n",
    "import numpy as np"
   ]
  },
  {
   "cell_type": "code",
   "execution_count": 4,
   "metadata": {},
   "outputs": [
    {
     "name": "stdout",
     "output_type": "stream",
     "text": [
      "[[1, 2, 3], [4, 5, 6], [7, 8, 9]]\n"
     ]
    }
   ],
   "source": [
    "list_of_lists = [[1, 2, 3], [4, 5, 6], [7, 8, 9]]\n",
    "print(list_of_lists)"
   ]
  },
  {
   "cell_type": "code",
   "execution_count": 5,
   "metadata": {},
   "outputs": [
    {
     "name": "stdout",
     "output_type": "stream",
     "text": [
      "[[1 2 3]\n",
      " [4 5 6]\n",
      " [7 8 9]]\n"
     ]
    }
   ],
   "source": [
    "an_array = np.array(list_of_lists)\n",
    "print(an_array)"
   ]
  },
  {
   "cell_type": "code",
   "execution_count": 6,
   "metadata": {},
   "outputs": [
    {
     "name": "stdout",
     "output_type": "stream",
     "text": [
      "[[1, 2], [3, 4, 5], [6, 7, 8, 9]]\n"
     ]
    }
   ],
   "source": [
    "non_rectangular = [[1, 2], [3, 4, 5], [6, 7, 8, 9]]\n",
    "print(non_rectangular)"
   ]
  },
  {
   "cell_type": "code",
   "execution_count": 7,
   "metadata": {},
   "outputs": [
    {
     "name": "stdout",
     "output_type": "stream",
     "text": [
      "[list([1, 2]) list([3, 4, 5]) list([6, 7, 8, 9])]\n"
     ]
    },
    {
     "name": "stderr",
     "output_type": "stream",
     "text": [
      "<ipython-input-7-4acebf048af6>:1: VisibleDeprecationWarning: Creating an ndarray from ragged nested sequences (which is a list-or-tuple of lists-or-tuples-or ndarrays with different lengths or shapes) is deprecated. If you meant to do this, you must specify 'dtype=object' when creating the ndarray\n",
      "  non_rectangular_array = np.array(non_rectangular)\n"
     ]
    }
   ],
   "source": [
    "non_rectangular_array = np.array(non_rectangular)\n",
    "print(non_rectangular_array)"
   ]
  },
  {
   "cell_type": "markdown",
   "metadata": {},
   "source": [
    "Why did these print differently? Let's investigate their _shape_ and _data type_ (`dtype`)."
   ]
  },
  {
   "cell_type": "code",
   "execution_count": 8,
   "metadata": {},
   "outputs": [
    {
     "name": "stdout",
     "output_type": "stream",
     "text": [
      "(3, 3) int64\n",
      "(3,) object\n"
     ]
    }
   ],
   "source": [
    "print(an_array.shape, an_array.dtype)\n",
    "print(non_rectangular_array.shape, non_rectangular_array.dtype)"
   ]
  },
  {
   "cell_type": "code",
   "execution_count": 9,
   "metadata": {},
   "outputs": [
    {
     "data": {
      "text/plain": [
       "array([[ 1,  2,  3,  4,  5,  6,  7,  8,  9, 10],\n",
       "       [ 2,  4,  5,  2,  3,  7,  8,  9,  1,  3],\n",
       "       [ 9,  8, 10,  4,  2,  1,  5,  6,  3,  7],\n",
       "       [10,  9,  8,  7,  6,  5,  4,  3,  2,  1],\n",
       "       [ 5,  5,  6,  4,  3,  7,  8,  2,  1, 10],\n",
       "       [ 9,  6,  4,  3,  1,  6,  3, 10,  6,  6],\n",
       "       [ 1,  3,  5,  7,  9, 10,  2,  4,  6,  8],\n",
       "       [ 3,  4,  2,  6,  5,  2,  3,  7,  7,  9],\n",
       "       [ 6,  4,  7,  3,  1,  1,  9, 10,  8,  7],\n",
       "       [ 7,  8,  3,  1,  6,  6,  4,  5,  3,  3]])"
      ]
     },
     "execution_count": 9,
     "metadata": {},
     "output_type": "execute_result"
    }
   ],
   "source": [
    "list_ = [[1,2,3,4,5,6,7,8,9,10], [2,4,5,2,3,7,8,9,1,3], [9,8,10,4,2,1,5,6,3,7], [10,9,8,7,6,5,4,3,2,1], [5,5,6,4,3,7,8,2,1,10], [9,6,4,3,1,6,3,10,6,6], [1,3,5,7,9,10,2,4,6,8], [3,4,2,6,5,2,3,7,7,9], [6,4,7,3,1,1,9,10,8,7], [7,8,3,1,6,6,4,5,3,3]]\n",
    "rectangular_array = np.array(list_)\n",
    "rectangular_array"
   ]
  },
  {
   "cell_type": "markdown",
   "metadata": {},
   "source": [
    "The first case, `an_array`, is a 2-dimensional 3x3 array (of integers). In contrast, `non_rectangular_array` is a 1-dimensional length 3 array (of _objects_, namely `list` objects).\n",
    "\n",
    "We can also create a variety of arrays with NumPy's convenience functions."
   ]
  },
  {
   "cell_type": "code",
   "execution_count": 10,
   "metadata": {},
   "outputs": [
    {
     "data": {
      "text/plain": [
       "array([ 1.        ,  2.28571429,  3.57142857,  4.85714286,  6.14285714,\n",
       "        7.42857143,  8.71428571, 10.        ])"
      ]
     },
     "execution_count": 10,
     "metadata": {},
     "output_type": "execute_result"
    }
   ],
   "source": [
    "np.linspace(1, 10, 8)"
   ]
  },
  {
   "cell_type": "code",
   "execution_count": 11,
   "metadata": {},
   "outputs": [
    {
     "data": {
      "text/plain": [
       "array([1, 2, 3, 4, 5, 6, 7, 8, 9])"
      ]
     },
     "execution_count": 11,
     "metadata": {},
     "output_type": "execute_result"
    }
   ],
   "source": [
    "np.arange(1, 10, 1)"
   ]
  },
  {
   "cell_type": "code",
   "execution_count": 12,
   "metadata": {},
   "outputs": [
    {
     "data": {
      "text/plain": [
       "array([1, 2, 3, 4, 5, 6, 7, 8, 9])"
      ]
     },
     "execution_count": 12,
     "metadata": {},
     "output_type": "execute_result"
    }
   ],
   "source": [
    "np.array(range(1, 10))"
   ]
  },
  {
   "cell_type": "code",
   "execution_count": 13,
   "metadata": {},
   "outputs": [
    {
     "data": {
      "text/plain": [
       "array([1.60000000e+01, 2.56000000e+02, 4.09600000e+03, 6.55360000e+04,\n",
       "       1.04857600e+06, 1.67772160e+07, 2.68435456e+08, 4.29496730e+09,\n",
       "       6.87194767e+10, 1.09951163e+12])"
      ]
     },
     "execution_count": 13,
     "metadata": {},
     "output_type": "execute_result"
    }
   ],
   "source": [
    "log_ = np.logspace(1, 10, 10, base=16)\n",
    "log_"
   ]
  },
  {
   "cell_type": "code",
   "execution_count": 14,
   "metadata": {},
   "outputs": [
    {
     "name": "stdout",
     "output_type": "stream",
     "text": [
      "float64\n",
      "[           16           256          4096         65536       1048576\n",
      "      16777216     268435456    4294967296   68719476736 1099511627776]\n"
     ]
    }
   ],
   "source": [
    "print(log_.dtype)\n",
    "print(log_.astype(int))"
   ]
  },
  {
   "cell_type": "code",
   "execution_count": 15,
   "metadata": {
    "scrolled": true
   },
   "outputs": [
    {
     "data": {
      "text/plain": [
       "array([0., 0., 0., 0., 0., 0., 0., 0., 0., 0.])"
      ]
     },
     "execution_count": 15,
     "metadata": {},
     "output_type": "execute_result"
    }
   ],
   "source": [
    "np.zeros(10)"
   ]
  },
  {
   "cell_type": "code",
   "execution_count": 16,
   "metadata": {},
   "outputs": [
    {
     "data": {
      "text/plain": [
       "array([[0., 0., 0., 0., 0.],\n",
       "       [0., 0., 0., 0., 0.],\n",
       "       [0., 0., 0., 0., 0.],\n",
       "       [0., 0., 0., 0., 0.],\n",
       "       [0., 0., 0., 0., 0.],\n",
       "       [0., 0., 0., 0., 0.],\n",
       "       [0., 0., 0., 0., 0.],\n",
       "       [0., 0., 0., 0., 0.],\n",
       "       [0., 0., 0., 0., 0.],\n",
       "       [0., 0., 0., 0., 0.]])"
      ]
     },
     "execution_count": 16,
     "metadata": {},
     "output_type": "execute_result"
    }
   ],
   "source": [
    "np.zeros((10,5))"
   ]
  },
  {
   "cell_type": "code",
   "execution_count": 17,
   "metadata": {},
   "outputs": [
    {
     "data": {
      "text/plain": [
       "array([[[0., 0., 0., 0., 0.],\n",
       "        [0., 0., 0., 0., 0.],\n",
       "        [0., 0., 0., 0., 0.],\n",
       "        [0., 0., 0., 0., 0.],\n",
       "        [0., 0., 0., 0., 0.],\n",
       "        [0., 0., 0., 0., 0.],\n",
       "        [0., 0., 0., 0., 0.],\n",
       "        [0., 0., 0., 0., 0.],\n",
       "        [0., 0., 0., 0., 0.],\n",
       "        [0., 0., 0., 0., 0.]],\n",
       "\n",
       "       [[0., 0., 0., 0., 0.],\n",
       "        [0., 0., 0., 0., 0.],\n",
       "        [0., 0., 0., 0., 0.],\n",
       "        [0., 0., 0., 0., 0.],\n",
       "        [0., 0., 0., 0., 0.],\n",
       "        [0., 0., 0., 0., 0.],\n",
       "        [0., 0., 0., 0., 0.],\n",
       "        [0., 0., 0., 0., 0.],\n",
       "        [0., 0., 0., 0., 0.],\n",
       "        [0., 0., 0., 0., 0.]]])"
      ]
     },
     "execution_count": 17,
     "metadata": {},
     "output_type": "execute_result"
    }
   ],
   "source": [
    "np.zeros((2,10,5))"
   ]
  },
  {
   "cell_type": "code",
   "execution_count": 18,
   "metadata": {},
   "outputs": [
    {
     "data": {
      "text/plain": [
       "array([1., 1., 1., 1., 1., 1., 1., 1., 1., 1., 1., 1., 1., 1., 1., 1., 1.,\n",
       "       1., 1., 1., 1., 1., 1., 1., 1., 1., 1., 1., 1., 1., 1., 1., 1., 1.,\n",
       "       1., 1., 1., 1., 1., 1., 1., 1., 1., 1., 1., 1., 1., 1., 1., 1., 1.,\n",
       "       1., 1., 1., 1., 1., 1., 1., 1., 1., 1., 1., 1., 1., 1., 1., 1., 1.,\n",
       "       1., 1., 1., 1., 1., 1., 1., 1., 1., 1., 1., 1., 1., 1., 1., 1., 1.,\n",
       "       1., 1., 1., 1., 1., 1., 1., 1., 1., 1., 1., 1., 1., 1., 1.])"
      ]
     },
     "execution_count": 18,
     "metadata": {},
     "output_type": "execute_result"
    }
   ],
   "source": [
    "np.ones(100)"
   ]
  },
  {
   "cell_type": "code",
   "execution_count": 19,
   "metadata": {},
   "outputs": [
    {
     "data": {
      "text/plain": [
       "array([[1, 0, 0, 0],\n",
       "       [0, 2, 0, 0],\n",
       "       [0, 0, 3, 0],\n",
       "       [0, 0, 0, 4]])"
      ]
     },
     "execution_count": 19,
     "metadata": {},
     "output_type": "execute_result"
    }
   ],
   "source": [
    "np.diag([1,2,3,4])"
   ]
  },
  {
   "cell_type": "code",
   "execution_count": 20,
   "metadata": {},
   "outputs": [
    {
     "data": {
      "text/plain": [
       "array([[1., 0., 0., 0., 0., 0., 0., 0., 0., 0.],\n",
       "       [0., 1., 0., 0., 0., 0., 0., 0., 0., 0.],\n",
       "       [0., 0., 1., 0., 0., 0., 0., 0., 0., 0.],\n",
       "       [0., 0., 0., 1., 0., 0., 0., 0., 0., 0.],\n",
       "       [0., 0., 0., 0., 1., 0., 0., 0., 0., 0.],\n",
       "       [0., 0., 0., 0., 0., 1., 0., 0., 0., 0.],\n",
       "       [0., 0., 0., 0., 0., 0., 1., 0., 0., 0.],\n",
       "       [0., 0., 0., 0., 0., 0., 0., 1., 0., 0.],\n",
       "       [0., 0., 0., 0., 0., 0., 0., 0., 1., 0.],\n",
       "       [0., 0., 0., 0., 0., 0., 0., 0., 0., 1.]])"
      ]
     },
     "execution_count": 20,
     "metadata": {},
     "output_type": "execute_result"
    }
   ],
   "source": [
    "np.eye(10)"
   ]
  },
  {
   "cell_type": "markdown",
   "metadata": {},
   "source": [
    "We can also convert the `dtype` of an array after creation."
   ]
  },
  {
   "cell_type": "code",
   "execution_count": 21,
   "metadata": {},
   "outputs": [],
   "source": [
    "print(np.logspace(1, 10, 10).dtype)\n",
    "print(np.logspace(1, 10, 10).astype(int))"
   ]
  },
  {
   "cell_type": "code",
   "execution_count": 22,
   "metadata": {},
   "outputs": [],
   "source": [
    "print(np.array([False, True]).astype(int))"
   ]
  },
  {
   "cell_type": "markdown",
   "metadata": {},
   "source": [
    "Why does any of this matter?\n",
    "\n",
    "Arrays are often more efficient in terms of code as well as computational resources for certain calculations. Computationally this efficiency comes from the fact that we pre-allocate a contiguous block of memory for the results of our computation.\n",
    "\n",
    "To explore the advantages in code, let's try to do some math on these numbers.\n",
    "\n",
    "First let's simply calculate the sum of all the numbers and look at the differences in the necessary code for `list_of_lists`, `an_array`, and `non_rectangular_array`."
   ]
  },
  {
   "cell_type": "code",
   "execution_count": 23,
   "metadata": {},
   "outputs": [],
   "source": [
    "sum([4, 9.8, True])"
   ]
  },
  {
   "cell_type": "code",
   "execution_count": 24,
   "metadata": {},
   "outputs": [],
   "source": [
    "print(sum([sum(inner_list) for inner_list in list_of_lists]))\n",
    "print(an_array.sum())"
   ]
  },
  {
   "cell_type": "code",
   "execution_count": 25,
   "metadata": {},
   "outputs": [],
   "source": [
    "print([sum(inner_list) for inner_list in list_of_lists]) #add up all the rows\n",
    "print([sum(row[index] for row in list_of_lists) for index in range(len(list_of_lists[0]))]) #add up all the columns"
   ]
  },
  {
   "cell_type": "code",
   "execution_count": 26,
   "metadata": {},
   "outputs": [],
   "source": [
    "print(an_array.sum(axis=1)) #add up all the rows\n",
    "print(an_array.sum(axis=0)) #add up all the columns"
   ]
  },
  {
   "cell_type": "markdown",
   "metadata": {},
   "source": [
    "Summing the numbers in an array is much easier than for a list of lists. We don't have to dig into a hierarchy of lists, we just use the `sum` method of the `ndarray`. Does this still work for `non_rectangular_array`?"
   ]
  },
  {
   "cell_type": "code",
   "execution_count": 27,
   "metadata": {},
   "outputs": [],
   "source": [
    "non_rectangular_array"
   ]
  },
  {
   "cell_type": "code",
   "execution_count": 28,
   "metadata": {},
   "outputs": [],
   "source": [
    "# what happens here?\n",
    "print(non_rectangular_array.sum())"
   ]
  },
  {
   "cell_type": "markdown",
   "metadata": {},
   "source": [
    "Remember `non_rectangular_array` is a 1-dimensional array of `list` objects. The `sum` method tries to add them together: first list + second list + third list. Addition of lists results in _concatenation_."
   ]
  },
  {
   "cell_type": "code",
   "execution_count": 29,
   "metadata": {},
   "outputs": [],
   "source": [
    "# concatenate three lists\n",
    "print([1, 2] + [3, 4, 5] + [6, 7, 8, 9])"
   ]
  },
  {
   "cell_type": "markdown",
   "metadata": {},
   "source": [
    "The contrast becomes even more clear when we try to sum rows or columns individually."
   ]
  },
  {
   "cell_type": "code",
   "execution_count": 30,
   "metadata": {},
   "outputs": [],
   "source": [
    "print('Array row sums: ', an_array.sum(axis=1))\n",
    "print('Array column sums: ', an_array.sum(axis=0))"
   ]
  },
  {
   "cell_type": "code",
   "execution_count": 31,
   "metadata": {},
   "outputs": [],
   "source": [
    "print('List of list row sums: ', [sum(inner_list) for inner_list in list_of_lists])\n",
    "\n",
    "def column_sum(list_of_lists):\n",
    "    running_sums = [0] * len(list_of_lists[0])\n",
    "    for inner_list in list_of_lists:\n",
    "        for i, number in enumerate(inner_list):\n",
    "            running_sums[i] += number\n",
    "            \n",
    "    return running_sums\n",
    "\n",
    "print('List of list column sums: ', column_sum(list_of_lists))"
   ]
  },
  {
   "cell_type": "markdown",
   "metadata": {},
   "source": [
    "Generally it is much more natural to do mathematical operations with arrays than lists."
   ]
  },
  {
   "cell_type": "code",
   "execution_count": 32,
   "metadata": {},
   "outputs": [],
   "source": [
    "a = np.array([1, 2, 3, 4, 5])\n",
    "print(a + 5) # add a scalar\n",
    "print(a * 5) # multiply by a scalar\n",
    "print(a / 5) # divide by a scalar (note the float!)"
   ]
  },
  {
   "cell_type": "code",
   "execution_count": 33,
   "metadata": {},
   "outputs": [],
   "source": [
    "b = a + 1\n",
    "print(a + b) # add together two arrays\n",
    "print(a * b) # multiply two arrays (element-wise)\n",
    "print(a / b.astype(float)) # divide two arrays (element-wise)"
   ]
  },
  {
   "cell_type": "code",
   "execution_count": 98,
   "metadata": {},
   "outputs": [
    {
     "name": "stdout",
     "output_type": "stream",
     "text": [
      "[1 2 3 4 5] and [2 3 4 5 6]\n"
     ]
    }
   ],
   "source": [
    "#remember that now we have two lists\n",
    "print(a, 'and', b)"
   ]
  },
  {
   "cell_type": "markdown",
   "metadata": {},
   "source": [
    "Arrays can also be used for linear algebra, acting as vectors, matrices, tensors, etc."
   ]
  },
  {
   "cell_type": "code",
   "execution_count": 99,
   "metadata": {},
   "outputs": [
    {
     "name": "stdout",
     "output_type": "stream",
     "text": [
      "70\n",
      "\n",
      "[[ 2  3  4  5  6]\n",
      " [ 4  6  8 10 12]\n",
      " [ 6  9 12 15 18]\n",
      " [ 8 12 16 20 24]\n",
      " [10 15 20 25 30]]\n"
     ]
    }
   ],
   "source": [
    "print(np.dot(a, b)) # inner product of two arrays\n",
    "print('')\n",
    "print(np.outer(a, b)) # outer product of two arrays"
   ]
  },
  {
   "cell_type": "markdown",
   "metadata": {},
   "source": [
    "Arrays have a lot to offer us in terms of representing and analyzing data, since we can easily apply mathematical functions to data sets or sections of data sets. Most of the time we won't run into any trouble using arrays, but it's good to be mindful of the restrictions around shape and datatype.\n",
    "\n",
    "These restrictions around `shape` and `dtype` allow the `ndarray` objects to be much more performant compared to a general Python `list`.  There are few reasons for this, but the main two result from the typed nature of the `ndarray`, as this allows contiguous memory storage and consistent function lookup.  When a Python `list` is summed, Python needs to figure out at runtime the correct way in which to add each element of the list together.  When an `ndarray` is summed, `NumPy` already knows the type of the each element (and they are consistent), thus it can sum them without checking the correct add function for each element.\n",
    "\n",
    "Lets see this in action by doing some basic profiling.  First we will create a list of 100000 random elements and then time the sum function."
   ]
  },
  {
   "cell_type": "code",
   "execution_count": 100,
   "metadata": {},
   "outputs": [],
   "source": [
    "time_list = [np.random.random() for _ in range(100000)]\n",
    "time_arr = np.array(time_list)"
   ]
  },
  {
   "cell_type": "code",
   "execution_count": 101,
   "metadata": {},
   "outputs": [
    {
     "data": {
      "text/plain": [
       "[0.2855876797940563,\n",
       " 0.6535622219580249,\n",
       " 0.6555659009569733,\n",
       " 0.5924431854090763,\n",
       " 0.09966082484951289]"
      ]
     },
     "execution_count": 101,
     "metadata": {},
     "output_type": "execute_result"
    }
   ],
   "source": [
    "time_list[:5]"
   ]
  },
  {
   "cell_type": "code",
   "execution_count": 102,
   "metadata": {},
   "outputs": [
    {
     "name": "stdout",
     "output_type": "stream",
     "text": [
      "float64\n"
     ]
    }
   ],
   "source": [
    "print(time_arr.dtype)"
   ]
  },
  {
   "cell_type": "code",
   "execution_count": 104,
   "metadata": {},
   "outputs": [
    {
     "name": "stdout",
     "output_type": "stream",
     "text": [
      "948 µs ± 128 µs per loop (mean ± std. dev. of 7 runs, 1000 loops each)\n"
     ]
    }
   ],
   "source": [
    "%%timeit \n",
    "sum(time_list)"
   ]
  },
  {
   "cell_type": "code",
   "execution_count": 105,
   "metadata": {},
   "outputs": [
    {
     "name": "stdout",
     "output_type": "stream",
     "text": [
      "86 µs ± 16.3 µs per loop (mean ± std. dev. of 7 runs, 10000 loops each)\n"
     ]
    }
   ],
   "source": [
    "%%timeit\n",
    "np.sum(time_arr)"
   ]
  },
  {
   "cell_type": "markdown",
   "metadata": {},
   "source": [
    "### Universal functions\n",
    "\n",
    "`NumPy` defines a `ufunc` which allows it to efficiently run functions over arrays.  Many of these functions are built in, such as `np.cos`, and implemented in highly performance compiled `C` code.  These functions can perform `broadcasting` which allows them to automatically handle operations between arrays of different shapes, for example two arrays with the same shape, or an array and a scalar."
   ]
  },
  {
   "cell_type": "markdown",
   "metadata": {},
   "source": [
    "### Changing Shape\n",
    "\n",
    "Often we will want to take arrays that are one shape and transform them to a different shape more amenable to a specific operation."
   ]
  },
  {
   "cell_type": "code",
   "execution_count": 106,
   "metadata": {},
   "outputs": [
    {
     "name": "stdout",
     "output_type": "stream",
     "text": [
      "[ 1  2  3  4  5  6  7  8 11]\n"
     ]
    },
    {
     "ename": "IndexError",
     "evalue": "too many indices for array: array is 1-dimensional, but 2 were indexed",
     "output_type": "error",
     "traceback": [
      "\u001b[0;31m---------------------------------------------------------------------------\u001b[0m",
      "\u001b[0;31mIndexError\u001b[0m                                Traceback (most recent call last)",
      "\u001b[0;32m<ipython-input-106-3cb9dbe64c6a>\u001b[0m in \u001b[0;36m<module>\u001b[0;34m\u001b[0m\n\u001b[1;32m      1\u001b[0m \u001b[0mprint\u001b[0m\u001b[0;34m(\u001b[0m\u001b[0man_array\u001b[0m\u001b[0;34m)\u001b[0m\u001b[0;34m\u001b[0m\u001b[0;34m\u001b[0m\u001b[0m\n\u001b[0;32m----> 2\u001b[0;31m \u001b[0man_array\u001b[0m\u001b[0;34m[\u001b[0m\u001b[0;36m2\u001b[0m\u001b[0;34m,\u001b[0m \u001b[0;36m2\u001b[0m\u001b[0;34m]\u001b[0m \u001b[0;34m=\u001b[0m \u001b[0;36m11\u001b[0m\u001b[0;34m\u001b[0m\u001b[0;34m\u001b[0m\u001b[0m\n\u001b[0m\u001b[1;32m      3\u001b[0m \u001b[0mprint\u001b[0m\u001b[0;34m(\u001b[0m\u001b[0;34m''\u001b[0m\u001b[0;34m)\u001b[0m\u001b[0;34m\u001b[0m\u001b[0;34m\u001b[0m\u001b[0m\n\u001b[1;32m      4\u001b[0m \u001b[0mprint\u001b[0m\u001b[0;34m(\u001b[0m\u001b[0man_array\u001b[0m\u001b[0;34m)\u001b[0m\u001b[0;34m\u001b[0m\u001b[0;34m\u001b[0m\u001b[0m\n",
      "\u001b[0;31mIndexError\u001b[0m: too many indices for array: array is 1-dimensional, but 2 were indexed"
     ]
    }
   ],
   "source": [
    "print(an_array)\n",
    "an_array[2, 2] = 11\n",
    "print('')\n",
    "print(an_array)"
   ]
  },
  {
   "cell_type": "code",
   "execution_count": 107,
   "metadata": {},
   "outputs": [
    {
     "data": {
      "text/plain": [
       "array([[ 1],\n",
       "       [ 2],\n",
       "       [ 3],\n",
       "       [ 4],\n",
       "       [ 5],\n",
       "       [ 6],\n",
       "       [ 7],\n",
       "       [ 8],\n",
       "       [11]])"
      ]
     },
     "execution_count": 107,
     "metadata": {},
     "output_type": "execute_result"
    }
   ],
   "source": [
    "an_array.shape = (9, 1)\n",
    "an_array"
   ]
  },
  {
   "cell_type": "code",
   "execution_count": 108,
   "metadata": {},
   "outputs": [
    {
     "data": {
      "text/plain": [
       "array([[ 1,  2,  3,  4,  5,  6,  7,  8, 11]])"
      ]
     },
     "execution_count": 108,
     "metadata": {},
     "output_type": "execute_result"
    }
   ],
   "source": [
    "an_array.shape = (1, 9)\n",
    "an_array"
   ]
  },
  {
   "cell_type": "code",
   "execution_count": 109,
   "metadata": {},
   "outputs": [
    {
     "data": {
      "text/plain": [
       "array([ 1,  2,  3,  4,  5,  6,  7,  8, 11])"
      ]
     },
     "execution_count": 109,
     "metadata": {},
     "output_type": "execute_result"
    }
   ],
   "source": [
    "an_array.shape = (9,)\n",
    "an_array"
   ]
  },
  {
   "cell_type": "code",
   "execution_count": 110,
   "metadata": {},
   "outputs": [
    {
     "data": {
      "text/plain": [
       "array([[0.37545438, 0.40342636, 0.1706661 , 0.04569854, 0.06507419,\n",
       "        0.61561545, 0.96839031, 0.08438775, 0.63946789, 0.12028245],\n",
       "       [0.57687037, 0.44301648, 0.03483068, 0.35704228, 0.78574077,\n",
       "        0.19597432, 0.51801124, 0.25570742, 0.92539417, 0.92724312],\n",
       "       [0.72656093, 0.69057806, 0.55193886, 0.78490329, 0.98346066,\n",
       "        0.96170262, 0.80873239, 0.1361643 , 0.86141129, 0.59206785],\n",
       "       [0.53335071, 0.54495861, 0.25425594, 0.2067614 , 0.4484689 ,\n",
       "        0.63305487, 0.65110734, 0.52314294, 0.82108265, 0.92247412],\n",
       "       [0.21505063, 0.73747147, 0.23252676, 0.84513773, 0.50741615,\n",
       "        0.3721004 , 0.76480919, 0.07341299, 0.56922551, 0.54586349]])"
      ]
     },
     "execution_count": 110,
     "metadata": {},
     "output_type": "execute_result"
    }
   ],
   "source": [
    "mat = np.random.rand(20, 10)\n",
    "mat[:5]"
   ]
  },
  {
   "cell_type": "code",
   "execution_count": 111,
   "metadata": {},
   "outputs": [
    {
     "data": {
      "text/plain": [
       "(40, 5)"
      ]
     },
     "execution_count": 111,
     "metadata": {},
     "output_type": "execute_result"
    }
   ],
   "source": [
    "mat.reshape(40, 5).shape"
   ]
  },
  {
   "cell_type": "code",
   "execution_count": 112,
   "metadata": {},
   "outputs": [
    {
     "name": "stdout",
     "output_type": "stream",
     "text": [
      "\u001b[0;31m---------------------------------------------------------------------------\u001b[0m\n",
      "\u001b[0;31mValueError\u001b[0m                                Traceback (most recent call last)\n",
      "\u001b[0;32m<ipython-input-112-61df77923c88>\u001b[0m in \u001b[0;36m<module>\u001b[0;34m\u001b[0m\n",
      "\u001b[0;32m----> 1\u001b[0;31m \u001b[0mmat\u001b[0m\u001b[0;34m.\u001b[0m\u001b[0mreshape\u001b[0m\u001b[0;34m(\u001b[0m\u001b[0;36m30\u001b[0m\u001b[0;34m,\u001b[0m \u001b[0;36m5\u001b[0m\u001b[0;34m)\u001b[0m\u001b[0;34m\u001b[0m\u001b[0;34m\u001b[0m\u001b[0m\n",
      "\u001b[0m\n",
      "\u001b[0;31mValueError\u001b[0m: cannot reshape array of size 200 into shape (30,5)\n"
     ]
    }
   ],
   "source": [
    "%%expect_exception ValueError\n",
    "\n",
    "mat.reshape(30, 5)"
   ]
  },
  {
   "cell_type": "code",
   "execution_count": 113,
   "metadata": {},
   "outputs": [
    {
     "data": {
      "text/plain": [
       "(200,)"
      ]
     },
     "execution_count": 113,
     "metadata": {},
     "output_type": "execute_result"
    }
   ],
   "source": [
    "mat.ravel().shape #ravel() makes it 1-dimensional array"
   ]
  },
  {
   "cell_type": "code",
   "execution_count": 114,
   "metadata": {},
   "outputs": [
    {
     "name": "stdout",
     "output_type": "stream",
     "text": [
      "[[0.37545438 0.40342636 0.1706661  0.04569854 0.06507419 0.61561545\n",
      "  0.96839031 0.08438775 0.63946789 0.12028245]\n",
      " [0.57687037 0.44301648 0.03483068 0.35704228 0.78574077 0.19597432\n",
      "  0.51801124 0.25570742 0.92539417 0.92724312]\n",
      " [0.72656093 0.69057806 0.55193886 0.78490329 0.98346066 0.96170262\n",
      "  0.80873239 0.1361643  0.86141129 0.59206785]\n",
      " [0.53335071 0.54495861 0.25425594 0.2067614  0.4484689  0.63305487\n",
      "  0.65110734 0.52314294 0.82108265 0.92247412]\n",
      " [0.21505063 0.73747147 0.23252676 0.84513773 0.50741615 0.3721004\n",
      "  0.76480919 0.07341299 0.56922551 0.54586349]\n",
      " [0.86772196 0.31815747 0.30408875 0.09412452 0.54325551 0.02401929\n",
      "  0.93709485 0.23698649 0.44466735 0.1548605 ]\n",
      " [0.33595706 0.91267569 0.98002218 0.28504933 0.81685583 0.16226408\n",
      "  0.13768993 0.13716392 0.94244573 0.70007997]\n",
      " [0.57862272 0.19008913 0.5298808  0.9941068  0.82584197 0.98663148\n",
      "  0.01215406 0.5558139  0.2913726  0.33129403]\n",
      " [0.05698614 0.67309869 0.85395172 0.24494922 0.52266457 0.05211859\n",
      "  0.28061353 0.22240898 0.9757406  0.50081572]\n",
      " [0.21640632 0.13225262 0.77617269 0.04526723 0.13748766 0.05121004\n",
      "  0.36684896 0.9435826  0.23537148 0.3750144 ]\n",
      " [0.73396105 0.20387316 0.28660021 0.38693246 0.95432219 0.54431985\n",
      "  0.43777349 0.4015111  0.38941408 0.90921509]\n",
      " [0.77751974 0.18763065 0.31896023 0.84790509 0.75030535 0.10368542\n",
      "  0.40800177 0.49070268 0.85740507 0.85282527]\n",
      " [0.15101341 0.585648   0.9431457  0.07677332 0.35854784 0.33735745\n",
      "  0.17148788 0.97875424 0.70794796 0.68403582]\n",
      " [0.04898646 0.38417279 0.62181629 0.48645776 0.72490158 0.82742594\n",
      "  0.76143425 0.94373305 0.55358568 0.85314865]\n",
      " [0.98338077 0.5107395  0.01457476 0.32648972 0.53762055 0.6804579\n",
      "  0.59212922 0.64792259 0.72260616 0.49658589]\n",
      " [0.82804517 0.66569542 0.77585453 0.66100513 0.10802642 0.15503286\n",
      "  0.16981118 0.04881349 0.21872931 0.56003414]\n",
      " [0.05988311 0.28354139 0.62312709 0.19990476 0.19757276 0.82705707\n",
      "  0.54924936 0.31359137 0.54879765 0.42811058]\n",
      " [0.95091594 0.20137034 0.66431838 0.91307146 0.72160038 0.38731474\n",
      "  0.74637996 0.23232397 0.71698683 0.78650109]\n",
      " [0.3759186  0.55500146 0.56447123 0.55605076 0.2003346  0.63139692\n",
      "  0.40628759 0.13343698 0.05551755 0.82348203]\n",
      " [0.75912216 0.93140155 0.47796291 0.61364793 0.06346797 0.30101395\n",
      "  0.75126502 0.27607107 0.11224594 0.0620863 ]]\n",
      "\n",
      "[[0.37545438 0.57687037 0.72656093 0.53335071 0.21505063 0.86772196\n",
      "  0.33595706 0.57862272 0.05698614 0.21640632 0.73396105 0.77751974\n",
      "  0.15101341 0.04898646 0.98338077 0.82804517 0.05988311 0.95091594\n",
      "  0.3759186  0.75912216]\n",
      " [0.40342636 0.44301648 0.69057806 0.54495861 0.73747147 0.31815747\n",
      "  0.91267569 0.19008913 0.67309869 0.13225262 0.20387316 0.18763065\n",
      "  0.585648   0.38417279 0.5107395  0.66569542 0.28354139 0.20137034\n",
      "  0.55500146 0.93140155]\n",
      " [0.1706661  0.03483068 0.55193886 0.25425594 0.23252676 0.30408875\n",
      "  0.98002218 0.5298808  0.85395172 0.77617269 0.28660021 0.31896023\n",
      "  0.9431457  0.62181629 0.01457476 0.77585453 0.62312709 0.66431838\n",
      "  0.56447123 0.47796291]\n",
      " [0.04569854 0.35704228 0.78490329 0.2067614  0.84513773 0.09412452\n",
      "  0.28504933 0.9941068  0.24494922 0.04526723 0.38693246 0.84790509\n",
      "  0.07677332 0.48645776 0.32648972 0.66100513 0.19990476 0.91307146\n",
      "  0.55605076 0.61364793]\n",
      " [0.06507419 0.78574077 0.98346066 0.4484689  0.50741615 0.54325551\n",
      "  0.81685583 0.82584197 0.52266457 0.13748766 0.95432219 0.75030535\n",
      "  0.35854784 0.72490158 0.53762055 0.10802642 0.19757276 0.72160038\n",
      "  0.2003346  0.06346797]\n",
      " [0.61561545 0.19597432 0.96170262 0.63305487 0.3721004  0.02401929\n",
      "  0.16226408 0.98663148 0.05211859 0.05121004 0.54431985 0.10368542\n",
      "  0.33735745 0.82742594 0.6804579  0.15503286 0.82705707 0.38731474\n",
      "  0.63139692 0.30101395]\n",
      " [0.96839031 0.51801124 0.80873239 0.65110734 0.76480919 0.93709485\n",
      "  0.13768993 0.01215406 0.28061353 0.36684896 0.43777349 0.40800177\n",
      "  0.17148788 0.76143425 0.59212922 0.16981118 0.54924936 0.74637996\n",
      "  0.40628759 0.75126502]\n",
      " [0.08438775 0.25570742 0.1361643  0.52314294 0.07341299 0.23698649\n",
      "  0.13716392 0.5558139  0.22240898 0.9435826  0.4015111  0.49070268\n",
      "  0.97875424 0.94373305 0.64792259 0.04881349 0.31359137 0.23232397\n",
      "  0.13343698 0.27607107]\n",
      " [0.63946789 0.92539417 0.86141129 0.82108265 0.56922551 0.44466735\n",
      "  0.94244573 0.2913726  0.9757406  0.23537148 0.38941408 0.85740507\n",
      "  0.70794796 0.55358568 0.72260616 0.21872931 0.54879765 0.71698683\n",
      "  0.05551755 0.11224594]\n",
      " [0.12028245 0.92724312 0.59206785 0.92247412 0.54586349 0.1548605\n",
      "  0.70007997 0.33129403 0.50081572 0.3750144  0.90921509 0.85282527\n",
      "  0.68403582 0.85314865 0.49658589 0.56003414 0.42811058 0.78650109\n",
      "  0.82348203 0.0620863 ]]\n",
      "\n",
      "(10, 20)\n"
     ]
    }
   ],
   "source": [
    "print(mat)\n",
    "print('')\n",
    "print(mat.transpose()) #transpose() exchanges row and column means every rows replaced by columns and vice versa\n",
    "print('')\n",
    "print(mat.transpose().shape)"
   ]
  },
  {
   "cell_type": "markdown",
   "metadata": {},
   "source": [
    "### Combining arrays"
   ]
  },
  {
   "cell_type": "code",
   "execution_count": 115,
   "metadata": {},
   "outputs": [
    {
     "name": "stdout",
     "output_type": "stream",
     "text": [
      "[1 2 3 4 5]\n",
      "[2 3 4 5 6]\n"
     ]
    }
   ],
   "source": [
    "print(a)\n",
    "print(b)"
   ]
  },
  {
   "cell_type": "code",
   "execution_count": 116,
   "metadata": {},
   "outputs": [
    {
     "data": {
      "text/plain": [
       "array([1, 2, 3, 4, 5, 2, 3, 4, 5, 6])"
      ]
     },
     "execution_count": 116,
     "metadata": {},
     "output_type": "execute_result"
    }
   ],
   "source": [
    "np.hstack((a, b))"
   ]
  },
  {
   "cell_type": "code",
   "execution_count": 117,
   "metadata": {},
   "outputs": [
    {
     "data": {
      "text/plain": [
       "array([[1, 2, 3, 4, 5],\n",
       "       [2, 3, 4, 5, 6]])"
      ]
     },
     "execution_count": 117,
     "metadata": {},
     "output_type": "execute_result"
    }
   ],
   "source": [
    "np.vstack((a, b))"
   ]
  },
  {
   "cell_type": "code",
   "execution_count": 118,
   "metadata": {},
   "outputs": [
    {
     "data": {
      "text/plain": [
       "array([[[1, 2],\n",
       "        [2, 3],\n",
       "        [3, 4],\n",
       "        [4, 5],\n",
       "        [5, 6]]])"
      ]
     },
     "execution_count": 118,
     "metadata": {},
     "output_type": "execute_result"
    }
   ],
   "source": [
    "np.dstack((a, b))"
   ]
  },
  {
   "cell_type": "code",
   "execution_count": 119,
   "metadata": {},
   "outputs": [
    {
     "data": {
      "text/plain": [
       "array([[[ 1.,  1.],\n",
       "        [ 2.,  0.],\n",
       "        [ 3.,  0.],\n",
       "        [ 4.,  0.],\n",
       "        [ 5.,  0.],\n",
       "        [ 6.,  0.],\n",
       "        [ 7.,  0.],\n",
       "        [ 8.,  0.],\n",
       "        [ 9.,  0.],\n",
       "        [10.,  0.]],\n",
       "\n",
       "       [[ 2.,  0.],\n",
       "        [ 4.,  1.],\n",
       "        [ 5.,  0.],\n",
       "        [ 2.,  0.],\n",
       "        [ 3.,  0.],\n",
       "        [ 7.,  0.],\n",
       "        [ 8.,  0.],\n",
       "        [ 9.,  0.],\n",
       "        [ 1.,  0.],\n",
       "        [ 3.,  0.]],\n",
       "\n",
       "       [[ 9.,  0.],\n",
       "        [ 8.,  0.],\n",
       "        [10.,  1.],\n",
       "        [ 4.,  0.],\n",
       "        [ 2.,  0.],\n",
       "        [ 1.,  0.],\n",
       "        [ 5.,  0.],\n",
       "        [ 6.,  0.],\n",
       "        [ 3.,  0.],\n",
       "        [ 7.,  0.]],\n",
       "\n",
       "       [[10.,  0.],\n",
       "        [ 9.,  0.],\n",
       "        [ 8.,  0.],\n",
       "        [ 7.,  1.],\n",
       "        [ 6.,  0.],\n",
       "        [ 5.,  0.],\n",
       "        [ 4.,  0.],\n",
       "        [ 3.,  0.],\n",
       "        [ 2.,  0.],\n",
       "        [ 1.,  0.]],\n",
       "\n",
       "       [[ 5.,  0.],\n",
       "        [ 5.,  0.],\n",
       "        [ 6.,  0.],\n",
       "        [ 4.,  0.],\n",
       "        [ 3.,  1.],\n",
       "        [ 7.,  0.],\n",
       "        [ 8.,  0.],\n",
       "        [ 2.,  0.],\n",
       "        [ 1.,  0.],\n",
       "        [10.,  0.]],\n",
       "\n",
       "       [[ 9.,  0.],\n",
       "        [ 6.,  0.],\n",
       "        [ 4.,  0.],\n",
       "        [ 3.,  0.],\n",
       "        [ 1.,  0.],\n",
       "        [ 6.,  1.],\n",
       "        [ 3.,  0.],\n",
       "        [10.,  0.],\n",
       "        [ 6.,  0.],\n",
       "        [ 6.,  0.]],\n",
       "\n",
       "       [[ 1.,  0.],\n",
       "        [ 3.,  0.],\n",
       "        [ 5.,  0.],\n",
       "        [ 7.,  0.],\n",
       "        [ 9.,  0.],\n",
       "        [10.,  0.],\n",
       "        [ 2.,  1.],\n",
       "        [ 4.,  0.],\n",
       "        [ 6.,  0.],\n",
       "        [ 8.,  0.]],\n",
       "\n",
       "       [[ 3.,  0.],\n",
       "        [ 4.,  0.],\n",
       "        [ 2.,  0.],\n",
       "        [ 6.,  0.],\n",
       "        [ 5.,  0.],\n",
       "        [ 2.,  0.],\n",
       "        [ 3.,  0.],\n",
       "        [ 7.,  1.],\n",
       "        [ 7.,  0.],\n",
       "        [ 9.,  0.]],\n",
       "\n",
       "       [[ 6.,  0.],\n",
       "        [ 4.,  0.],\n",
       "        [ 7.,  0.],\n",
       "        [ 3.,  0.],\n",
       "        [ 1.,  0.],\n",
       "        [ 1.,  0.],\n",
       "        [ 9.,  0.],\n",
       "        [10.,  0.],\n",
       "        [ 8.,  1.],\n",
       "        [ 7.,  0.]],\n",
       "\n",
       "       [[ 7.,  0.],\n",
       "        [ 8.,  0.],\n",
       "        [ 3.,  0.],\n",
       "        [ 1.,  0.],\n",
       "        [ 6.,  0.],\n",
       "        [ 6.,  0.],\n",
       "        [ 4.,  0.],\n",
       "        [ 5.,  0.],\n",
       "        [ 3.,  0.],\n",
       "        [ 3.,  1.]]])"
      ]
     },
     "execution_count": 119,
     "metadata": {},
     "output_type": "execute_result"
    }
   ],
   "source": [
    "c = list_\n",
    "d = np.eye(10)\n",
    "np.dstack((c,d))"
   ]
  },
  {
   "cell_type": "markdown",
   "metadata": {},
   "source": [
    "### Basic data aggregation\n",
    "\n",
    "Let's explore some more examples of using arrays, this time using NumPy's `random` submodule to create some \"fake data\". Simulating data is useful for testing and prototyping new techniques or code, and some algorithms even require random input."
   ]
  },
  {
   "cell_type": "code",
   "execution_count": 120,
   "metadata": {},
   "outputs": [
    {
     "name": "stdout",
     "output_type": "stream",
     "text": [
      "[[127 117  39 131  96  45 127]\n",
      " [146  99 112 141 124 128 176]\n",
      " [155 174  77  26 112 182  62]\n",
      " [154  45 185  82  46 113  73]]\n"
     ]
    }
   ],
   "source": [
    "np.random.seed(42)\n",
    "jan_coffee_sales = np.random.randint(25, 200, size=(4, 7))\n",
    "print(jan_coffee_sales)"
   ]
  },
  {
   "cell_type": "code",
   "execution_count": 121,
   "metadata": {},
